3040000000 4 1
3040001000 4 2
3040002000 4 3
3040003000 4 2
3040004000 4 2
3040005000 4 1
3040006000 4 2
3040007000 4 2
3040008000 4 2
3040009000 4 1
3040010000 4 1
3040011000 4 2
3040012000 4 2
3040013000 4 1
3040014000 4 1
3040015000 4 1
3040016000 4 2
3040017000 4 1
3040018000 4 1
3040019000 4 2
3040020000 4 2
3040021000 4 2
3040022000 4 2
3040023000 4 2
3040024000 4 1
3040025000 4 2
3040026000 4 2
3040027000 4 3
3040028000 4 3
3040029000 4 3
3040030000 4 2
3040030000 5 2
3040030000 6_1 2
3040030000 6_3 2
3040030000 6_5 3
3040031000 4 2
3040031000 5 2
3040031000 6_1 2
3040031000 6_3 2
3040031000 6_5 3
3040032000 4 2
3040032000 5 2
3040032000 6_1 2
3040032000 6_3 3
3040032000 6_5 3
3040033000 4 2
3040033000 5 2
3040033000 6_1 2
3040033000 6_3 3
3040033000 6_5 3
3040034000 4 1
3040034000 5 2
3040034000 6_1 2
3040034000 6_3 2
3040034000 6_5 2
3040035000 4 2
3040035000 5 3
3040035000 6_1 4
3040035000 6_3 4
3040035000 6_5 4
3040036000 4 2
3040036000 5 3
3040036000 6_1 3
3040036000 6_3 3
3040036000 6_5 3
3040037000 4 2
3040037000 5 3
3040037000 6_1 4
3040037000 6_3 4
3040037000 6_5 4
3040038000 4 1
3040038000 5 2
3040038000 6_1 3
3040038000 6_3 4
3040038000 6_5 4
3040039000 4 2
3040039000 5 2
3040039000 6_1 2
3040039000 6_3 3
3040039000 6_5 3
3040040000 4 1
3040041000 4 2
3040042000 4 2
3040043000 4 2
3040044000 4 3
3040045000 4 2
3040046000 4 1
3040047000 4 2
3040048000 4 1
3040049000 4 1
3040050000 4 1
3040051000 4 1
3040052000 4 2
3040053000 4 1
3040054000 4 1
3040055000 4 1
3040056000 4 2
3040057000 4 2
3040058000 4 1
3040059000 4 2
3040060000 4 2
3040061000 4 1
3040062000 4 1
3040063000 4 2
3040064000 4 2
3040065000 4 2
3040066000 4 1
3040067000 4 1
3040068000 4 3
3040069000 4 1
3040070000 4 1
3040071000 4 3
3040072000 4 1
3040073000 4 2
3040074000 4 1
3040075000 4 1
3040076000 4 2
3040077000 4 3
3040078000 4 1
3040079000 4 2
3040080000 4 2
3040081000 4 1
3040082000 4 3
3040083000 4 1
3040084000 4 2
3040085000 4 1
3040086000 4 1
3040087000 4 1
3040088000 4 2
3040088000s2 3
3040089000 4 2
3040090000 4 1
3040091000 4 1
3040092000 4 2
3040093000 4 2
3040094000 4 2
3040095000 4 1
3040096000 4 2
3040098000 4 2
3040099000 4 1
3040100000 4 2
3040101000 4 2
3040102000 4 1
3040103000 4 3
3040104000 4 1
3040105000 4 2
3040106000 4 2
3040107000 4 3
3040108000 4 1
3040109000 4 1
3040110000 4 2
3040111000 4 2
3040112000 4 1
3040113000 4 1
3040115000 4 2
3040116000 4 2
3040117000 4 2
3040118000 4 1
3040119000 4 2
3040120000 4 1
3040121000 4 2
3040122000 4 1
3040123000 4 2
3040124000 4 2
3040125000 4 2
3040126000 4 2
3040127000 4 4
3040128000 4 2
3040129000 4 2
3040130000 4 2
3040131000 4 1
3040132000 4 3
3040133000 4 1
3040134000 4 2
3040135000 4 3
3040136000 4 1
3040137000 4 1
3040138000 4 2
3040140000 4 2
3040141000 4 3
3040142000 4 1
3040143000 4 2
3040144000 4 1
3040145000 4 2
3040146000 4 2
3040147000 4 4
3040148000 4 1
3040149000 4 1
3040150000 4 2
3040151000 4 2
3040152000 4 3
3040153000 4 2
3040154000 4 2
3040155000 4 2
3040156000 4 2
3040157000 4 1
3040158000 4 1
3040159000 4 2
3040160000 4 2
3040161000 4 3
3040162000 4 2
3040163000 4 3
3040164000 4 4
3040165000 4 3
3040166000 4 2
3040167000 4 3
3040168000 4 3
3040169000 4 3
3040170000 4 3
3040171000 4 1
3040172000 4 2
3040173000 4 2
3040174000 4 2
3040175000 4 1
3040176000 4 1
3040177000 4 1
3040178000 4 2
3040179000 4 2
3040180000 4 2
3040181000 4 1
3040182000 4 1
3040183000 4 2
3040184000 4 1
3040185000 4 1
3040186000 4 1
3040187000 4 2
3040188000 4 1
3040189000 4 2
3040190000 4 1
3040191000 4 1
3040192000 4 2
3040193000 4 2
3040194000 4 2
3040195000 4 2
3040196000 4 2
3040197000 4 4
3040198000 4 2
3040199000 4 3
3040200000 4 2
3040201000 4 1
3040202000 4 4
3040203000 4 2
3040204000 4 1
3040205000 4 2
3040206000 4 2
3040207000 4 2
3040208000 4 2
3040209000 4 2
3040210000 4 2
3040211000 4 2
3040212000 4 2
3040213000 4 1
3040214000 4 2
3040215000 4 2
3040216000 4 1
3040217000 4 2
3040218000 4 2
3040219000 4 2
3040220000 4 1
3040221000 4 1
3040222000 4 2
3040223000 4 3
3040224000 4 2
3040225000 4 2
3040226000 4 1
3040227000 4 2
3040228000 4 2
3040229000 4 1
3040230000 4 1
3040231000 4 2
3040232000 4 3
3040233000 4 1
3040234000 4 3
3040235000 4 2
3040236000 4 2
3040237000 4 2
3040238000 4 2
3040239000 4 2
3040240000 4 2
3040241000 4 2
3040242000 4 3
3040243000 4 1
3040244000 4 1
3040245000 4 3
3040246000 4 2
3040247000 4 3
3040248000 4 2
3040249000 4 3
3040250000 4 2
3040251000 4 2
3040252000 4 3
3040253000 4 3
3040254000 4 2
3040255000 4 2
3040256000 4 2
3040257000 4 1
3040258000 4 2
3040259000 4 2
3040260000 4 2
3040261000 4 3
3040262000 4 2
3040263000 4 2
3040264000 4 2
3040265000 4 2
3040266000 4 2
3040267000 4 2
3040268000 4 3
3040269000 4 2
3040270000 4 1
3040271000 4 1
3040272000 4 2
3040273000 4 2
3040274000 4 2
3040275000 4 2
3040276000 4 1
3040277000 4 2
3040278000 4 3
3040279000 4 3
3040280000 4 3
3040281000 4 2
3040282000 4 2
3040283000 4 2
3040284000 4 2
3040285000 4 1
3040286000 4 3
3040287000 4 2
3040288000 4 3
3040289000 4 2
3040290000 4 2
3040291000 4 2
3040292000 4 3
3040293000 4 3
3040294000 4 1
3040295000 4 2
3040296000 4 2
3040297000 4 3
3040298000 4 3
3040299000 4 2
3040300000 4 3
3040301000 4 3
3040302000 4 2
3040303000 4 2
3040304000 4 2
3040305000 4 3
3040306000 4 3
3040307000 4 3
3040308000 4 2
3040309000 4 2
3040310000 4 2
3040311000 4 2
3040312000 4 3
3040313000 4 3
3040314000 4 2
3040315000 4 3
3040316000 4 3
3040317000 4 3
3040318000 4 2
3040319000 4 2
3040320000 4 3
3040321000 4 3
3040322000 4 3
3040323000 4 3
3040324000 4 2
3040325000 4 1
3040326000 4 2
3040327000 4 2
3040328000 4 2
3040329000 4 3
3040330000 4 3
3040331000 4 2
3040332000 4 1
3040333000 4 2
3040334000 4 2
3040335000 4 4
3040336000 4 2
3040337000 4 3
3040338000 4 3
3040339000 4 2
3040340000 4 3
3040341000 4 4
3040342000 4 3
3040343000 4 3
3040344000 4 3
3040345000 4 3
3040346000 4 2
3040347000 4 3
3040348000 4 4
3040349000 4 3
3040350000 4 3
3040351000 4 3
3040352000 4 3
3040353000 4 2
3040354000 4 1
3040355000 4 3
3040356000 4 3
3040357000 4 4
3040358000 4 2
3040359000 4 2
3040360000 4 3
3040361000 4 3
3040362000 4 2
3040363000 4 1
3040364000 4 3
3040365000 4 3
3040366000 4 2
3040367000 4 2
3040368000 4 3
3040369000 4 4
3040370000 4 1
3040371000 4 1
3040372000 4 3
3040373000 4 2
3040374000 4 3
3040375000 4 4
3040376000 4 4
3040377000 4 3
3040378000 4 2
3040379000 4 2
3040380000 4 2
3040381000 4 4
3040382000 4 2
3040383000 4 1
3040384000 4 3
3040385000 4 3
3040386000 4 2
3040387000 4 1
3040388000 4 2
3040389000 4 4
3040390000 4 4
3040391000 4 3
3040392000 4 3
3040393000 4 3
3040394000 4 1
3040396000 4 2
3040397000 4 2
3040398000 4 1
3040399000 4 2
3040400000 4 2
3040401000 4 3
3040402000 4 2
3040403000 4 2
3040404000 4 2
3040405000 4 3
3040406000 4 3
3040407000 4 2
3040408000 4 3
3040409000 4 3
3040410000 4 2
3040411000 4 2
3040412000 4 3
3040413000 4 3
3040414000 4 2
3040415000 4 2
3040416000 4 3
3040417000 4 3
3040418000 4 2
3040419000 4 3
3040420000 4 2
3040421000 4 2
3040422000 4 3
3040423000 4 3
3040424000 4 3
3040425000 4 4
3040426000 4 2
3040427000 4 3
3040428000 4 3
3040429000 4 4
3040430000 4 2
3040431000 4 1
3040432000 4 2
3040433000 4 2
3040434000 4 1
3040435000 4 2
3040436000 4 3
3040437000 4 3
3040438000 4 4
3040439000 4 2
3040440000 4 4
3040441000 4 3
3040442000 4 2
3040443000 4 3
3040444000 4 3
3040445000 4 3
3040446000 4 2
3040447000 4 3
3040448000 4 2
